1;IOClasses;TOCIEntry;Destroy;0.02;775;709;549807;709;549807;0.02
1;IOClasses;TOCIEntry;Store;0.00;258;154;39852;306;78877;0.00
1;IOClasses;TOCIEntry;DeleteAncestor;0.02;775;736;570395;1470;1139553;0.03
1;IOClasses;TOCIEntry;Clear;0.02;775;709;549752;19746;15303285;0.42
1;IOClasses;TContainerEntry;Destroy;0.02;775;836;648050;4524;3505765;0.10
1;IOClasses;TContainerEntry;Add;0.02;775;715;553934;715;553934;0.02
1;IOClasses;TContainerEntry;Clear;0.00;775;190;147564;905;701498;0.02
1;IOClasses;TContainerEntry;Store;0.04;2584;566;1462658;616;1591346;0.04
1;IOClasses;TTypeEntry;Create;0.11;2584;1483;3832701;5577;14411851;0.40
1;IOClasses;TTypeFunctionEntry;Create;0.04;5680;239;1356387;239;1356387;0.04
1;IOClasses;TConstantEntry;Create;0.32;4393;2600;11419670;6775;29762684;0.82
1;IOClasses;TBaseEntry;Destroy;0.00;516;219;113193;448;231391;0.01
1;IOClasses;TBaseEntry;GetNamePathOf;0.02;2065;401;829088;617;1274496;0.04
1;IOClasses;TBaseEntry;ReadString;0.01;9039;54;487564;54;487564;0.01
1;IOClasses;TBaseEntry;ReadString;0.05;9039;198;1793304;198;1793304;0.05
1;IOClasses;TBaseEntry;WriteString;0.01;775;348;269850;2978;2307908;0.06
1;IOClasses;TBaseEntry;Load;0.06;775;2630;2038058;2630;2038058;0.06
1;IOClasses;TBaseVariableEntry;Destroy;0.00;1;1699;1699;3370;3370;0.00
1;IOClasses;TParameter;Create;0.00;1;6040;6040;29770538;29770538;0.82
1;IOClasses;TBaseVariableEntry;Store;0.06;6455;341;2201413;397;2560289;0.07
1;IOClasses;TBaseVariableEntry;Load;0.01;6455;39;254317;238;1538843;0.04
1;IOClasses;TFunctionEntry;IsProcedure;0.03;3358;334;1121756;478;1605332;0.04
1;IOClasses;TFunctionEntry;Create;0.11;1808;2190;3959893;2190;3959893;0.11
1;IOClasses;TFunctionEntry;Load;0.03;258;4072;1050596;4072;1050596;0.03
1;IOClasses;TFunctionEntry;Destroy;0.38;3358;4054;13613799;4532;15219131;0.42
1;PascalScanner;TPascalScanner;IncludeParse;0.01;1808;161;290924;725;1311441;0.04
1;PascalScanner;TPascalScanner;CheckForDefinitions;0.21;1808;4273;7725777;4737;8564286;0.24
1;PascalScanner;TPascalScanner;ScanFunction;0.10;1808;1929;3487479;7013;12678849;0.35
1;PascalScanner;TPascalScanner;ScanForInterface;0.00;258;45;11644;45;11644;0.00
1;PascalScanner;TPascalScanner;Create;0.00;1;3913;3913;53700713;53700713;1.48
1;PascalScanner;TPascalScanner;Destroy;0.00;1;10469;10469;2757338674;2757338674;76.14
1;PascalScanner;TPascalScanner;RaiseException;3.12;2066;54635;112875822;111068;229465894;6.34
1;PascalScanner;TPascalScanner;RaiseException;0.05;2066;850;1755798;19375;40028943;1.11
1;PascalScanner;TPascalScanner;DoScan;8.54;1808;170971;309115230;487740;881834470;24.35
1;PasStream;TPascalStream;ReadString;0.03;2066;535;1105856;18525;38273145;1.06
1;PasStream;---;IsInArray;1.37;3355;14792;49626531;188754;633271332;17.49
1;PasStream;TPascalStream;ReadWord;3.86;1549;90239;139779579;589398;912978268;25.21
1;PasStream;TPascalStream;ReadToken;0.60;258;83825;21626785;154260;39799069;1.10
1;PasStream;TPascalStream;ReadComments;6.11;1033;214307;221379608;1258891;1300434338;35.91
1;PasStream;TPascalStream;ReadComment;0.55;516;38875;20059465;80071;41316666;1.14
1;PrePParser;---;PreParseUnit;3.90;775;182274;141262649;1236875;958578225;26.47
1;RegClasses;---;ReadString;1.69;1;61034103;61034103;2757218275;2757218275;76.14
1;RegClasses;---;WriteString;0.00;1;7385;7385;2757260642;2757260642;76.14
1;RegClasses;---;RegisterClass;0.00;1;4148;4148;4202;4202;0.00
1;RegClasses;---;FindClassName;0.00;1;10949;10949;10949;10949;0.00
1;RegClasses;TRegPersistent;Create;0.00;1;6800;6800;6800;6800;0.00
1;RegClasses;TRegPersistent;InitLoad;0.17;5422;1158;6280558;1158;6280558;0.17
1;RegClasses;TRegPersistent;DoneLoad;0.00;1;5487;5487;5487;5487;0.00
1;RegClasses;TRegPersistent;Load;0.00;1;2827;2827;2757341501;2757341501;76.14
1;RegClasses;---;LoadClass;4.64;101956;1648;168033320;1648;168033320;4.64
1;SParser;TTextStream;ReadString;24.11;196699;4439;873102572;6131;1205896063;33.30
1;SParser;TTextStream;ReadString;1.17;97060;438;42469372;14600;1417089350;39.13
1;SParser;TTextStream;GetNextChar;0.02;7747;93;718785;93;718785;0.02
1;SParser;TTextStream;GetNextChars;0.01;4389;82;361909;82;361909;0.01
1;SParser;TTextStream;GetPrevChar;2.25;97060;840;81523737;7804;757497254;20.92
1;SParser;TTextStream;GetPrevChars;1.99;97058;744;72248367;6358;617122724;17.04
1;CRT32;---;WriteStrXY;0.00;13;4334;56340;4334;56340;0.00
1;CRT32;---;WhereY;0.00;1;54;54;54;54;0.00
1;CRT32;---;ClrScr;0.00;6456;7;44510;7;44510;0.00
1;CRT32;---;ClrEol;0.00;1;1079;1079;54239009;54239009;1.50
1;CRT32;---;InsLine;1.50;1;54237930;54237930;54237930;54237930;1.50
1;CRT32;---;TextColor;2.09;1;75715059;75715059;222575369;222575369;6.15
1;CRT32;---;TextBackground;0.01;517;374;193533;374;193533;0.01
1;CRT32;---;NormVideo;3.30;212654;562;119440910;562;119440910;3.30
1;CRT32;---;Delay;0.00;993;107;106466;107;106466;0.00
1;CRT32;---;Sound;0.00;993;24;23806;131;130272;0.00
1;CRT32;---;NoSound;1.68;212654;286;60772478;847;180213388;4.98
1;CRT32;---;OverwriteChrXY;4.06;781465;188;146860310;188;146860310;4.06
1;CRT32;---;MouseHideCursor;0.02;1342;426;571357;134733;180811451;4.99
1;CRT32;---;MouseGotoXY;0.14;5;1018559;5092795;1171676;5858378;0.16
1;CRT32;---;MouseWhereY;3.49;2364;53437;126325461;63785;150787563;4.16
1;CRT32;---;Init;0.00;1;23912;23912;23912;23912;0.00
1;CRT32;---;Done;0.00;1;55185;55185;55185;55185;0.00
1;NewCRT;---;AssignCrt;0.00;1;55378;55378;110563;110563;0.00
1;NewCRT;---;ReadKey;16.26;59403;9913;588848627;9913;588848627;16.26
1;NewCRT;---;TextMode;0.02;1;829137;829137;589641676;589641676;16.28
1;NewCRT;---;GotoXY;0.00;8;223;1783;25061;200487;0.01
1;NewCRT;---;WhereX;0.70;2402;10567;25382920;10567;25382920;0.70
1;NewCRT;---;WhereY;0.44;1382;11542;15951573;11542;15951573;0.44
1;NewCRT;---;ClrScr;0.39;1343;10427;14003394;10427;14003394;0.39
1;NewCRT;---;ClrEol;0.00;5;346;1731;1172022;5860109;0.16
1;NewCRT;---;TextColor;0.01;3;64316;192949;75282;225846;0.01
1;NewCRT;---;TextBackground;0.02;31;24538;760684;24538;760684;0.02
1;NewCRT;---;LowVideo;0.02;8;91934;735468;91934;735468;0.02
1;NewCRT;---;WriteStrXY;0.00;2;16;32;16;32;0.00
1;NewCRT;---;MouseGotoXY;0.01;1;231875;231875;267990;267990;0.01
1;NewCRT;---;MouseWhereY;0.00;1;148441;148441;1041438;1041438;0.03
1;NewCRT;---;OverwriteChrXY;0.00;1;539;539;589642215;589642215;16.28
1;NewCRT;---;GetSetCursor;0.00;8;258;2063;25319;202550;0.01
1;NewCRT;---;Play;0.00;22;65;1433;8355;183810;0.01
1;NewCRT;---;Alarm;0.00;42;60;2501;11239;472040;0.01
1;NewCRT;---;Train;0.00;4;295;1179;1248114;4992456;0.14
1;NewCRT;---;WolfWhistle;0.00;31;113;3492;24651;764176;0.02
1;IncludeParser;---;ResolveRelativePaths;0.00;8;103;825;92037;736293;0.02
